{
 "cells": [
  {
   "cell_type": "markdown",
   "metadata": {},
   "source": [
    "<h1 align=\"center\"> CSEN 1022 Assignment Submission </h1> "
   ]
  },
  {
   "cell_type": "markdown",
   "metadata": {},
   "source": [
    "## Please don't forget to fill in this data\n",
    "Member 1 Name: Mohamed Aboelazaiem Salama\n",
    "\n",
    "Member 1 ID: 40-6227\n",
    "\n",
    "Member 1 Tutorial: T-08\n",
    "\n",
    "Member 2 Name: Ahmed Youssef\n",
    "\n",
    "Member 2 ID: 40-11602\n",
    "\n",
    "Member 2 Tutorial: T-02"
   ]
  },
  {
   "cell_type": "markdown",
   "metadata": {},
   "source": [
    "## Imports (Don't Edit)"
   ]
  },
  {
   "cell_type": "code",
   "execution_count": 1,
   "metadata": {},
   "outputs": [],
   "source": [
    "import pandas as pd\n",
    "import numpy as np \n",
    "import matplotlib.pyplot as plt\n",
    "from PIL import Image  \n",
    "import PIL\n",
    "%matplotlib inline"
   ]
  },
  {
   "cell_type": "markdown",
   "metadata": {},
   "source": [
    "## Read Data (Don't Edit)"
   ]
  },
  {
   "cell_type": "code",
   "execution_count": 2,
   "metadata": {},
   "outputs": [
    {
     "data": {
      "text/html": [
       "<div>\n",
       "<style scoped>\n",
       "    .dataframe tbody tr th:only-of-type {\n",
       "        vertical-align: middle;\n",
       "    }\n",
       "\n",
       "    .dataframe tbody tr th {\n",
       "        vertical-align: top;\n",
       "    }\n",
       "\n",
       "    .dataframe thead th {\n",
       "        text-align: right;\n",
       "    }\n",
       "</style>\n",
       "<table border=\"1\" class=\"dataframe\">\n",
       "  <thead>\n",
       "    <tr style=\"text-align: right;\">\n",
       "      <th></th>\n",
       "      <th>sepal.length</th>\n",
       "      <th>sepal.width</th>\n",
       "      <th>petal.length</th>\n",
       "      <th>petal.width</th>\n",
       "      <th>variety</th>\n",
       "    </tr>\n",
       "  </thead>\n",
       "  <tbody>\n",
       "    <tr>\n",
       "      <th>0</th>\n",
       "      <td>5.1</td>\n",
       "      <td>3.5</td>\n",
       "      <td>1.4</td>\n",
       "      <td>0.2</td>\n",
       "      <td>Setosa</td>\n",
       "    </tr>\n",
       "    <tr>\n",
       "      <th>1</th>\n",
       "      <td>4.9</td>\n",
       "      <td>3.0</td>\n",
       "      <td>1.4</td>\n",
       "      <td>0.2</td>\n",
       "      <td>Setosa</td>\n",
       "    </tr>\n",
       "    <tr>\n",
       "      <th>2</th>\n",
       "      <td>4.7</td>\n",
       "      <td>3.2</td>\n",
       "      <td>1.3</td>\n",
       "      <td>0.2</td>\n",
       "      <td>Setosa</td>\n",
       "    </tr>\n",
       "    <tr>\n",
       "      <th>3</th>\n",
       "      <td>4.6</td>\n",
       "      <td>3.1</td>\n",
       "      <td>1.5</td>\n",
       "      <td>0.2</td>\n",
       "      <td>Setosa</td>\n",
       "    </tr>\n",
       "    <tr>\n",
       "      <th>4</th>\n",
       "      <td>5.0</td>\n",
       "      <td>3.6</td>\n",
       "      <td>1.4</td>\n",
       "      <td>0.2</td>\n",
       "      <td>Setosa</td>\n",
       "    </tr>\n",
       "    <tr>\n",
       "      <th>...</th>\n",
       "      <td>...</td>\n",
       "      <td>...</td>\n",
       "      <td>...</td>\n",
       "      <td>...</td>\n",
       "      <td>...</td>\n",
       "    </tr>\n",
       "    <tr>\n",
       "      <th>145</th>\n",
       "      <td>6.7</td>\n",
       "      <td>3.0</td>\n",
       "      <td>5.2</td>\n",
       "      <td>2.3</td>\n",
       "      <td>Virginica</td>\n",
       "    </tr>\n",
       "    <tr>\n",
       "      <th>146</th>\n",
       "      <td>6.3</td>\n",
       "      <td>2.5</td>\n",
       "      <td>5.0</td>\n",
       "      <td>1.9</td>\n",
       "      <td>Virginica</td>\n",
       "    </tr>\n",
       "    <tr>\n",
       "      <th>147</th>\n",
       "      <td>6.5</td>\n",
       "      <td>3.0</td>\n",
       "      <td>5.2</td>\n",
       "      <td>2.0</td>\n",
       "      <td>Virginica</td>\n",
       "    </tr>\n",
       "    <tr>\n",
       "      <th>148</th>\n",
       "      <td>6.2</td>\n",
       "      <td>3.4</td>\n",
       "      <td>5.4</td>\n",
       "      <td>2.3</td>\n",
       "      <td>Virginica</td>\n",
       "    </tr>\n",
       "    <tr>\n",
       "      <th>149</th>\n",
       "      <td>5.9</td>\n",
       "      <td>3.0</td>\n",
       "      <td>5.1</td>\n",
       "      <td>1.8</td>\n",
       "      <td>Virginica</td>\n",
       "    </tr>\n",
       "  </tbody>\n",
       "</table>\n",
       "<p>150 rows × 5 columns</p>\n",
       "</div>"
      ],
      "text/plain": [
       "     sepal.length  sepal.width  petal.length  petal.width    variety\n",
       "0             5.1          3.5           1.4          0.2     Setosa\n",
       "1             4.9          3.0           1.4          0.2     Setosa\n",
       "2             4.7          3.2           1.3          0.2     Setosa\n",
       "3             4.6          3.1           1.5          0.2     Setosa\n",
       "4             5.0          3.6           1.4          0.2     Setosa\n",
       "..            ...          ...           ...          ...        ...\n",
       "145           6.7          3.0           5.2          2.3  Virginica\n",
       "146           6.3          2.5           5.0          1.9  Virginica\n",
       "147           6.5          3.0           5.2          2.0  Virginica\n",
       "148           6.2          3.4           5.4          2.3  Virginica\n",
       "149           5.9          3.0           5.1          1.8  Virginica\n",
       "\n",
       "[150 rows x 5 columns]"
      ]
     },
     "execution_count": 2,
     "metadata": {},
     "output_type": "execute_result"
    }
   ],
   "source": [
    "df_iris = pd.read_csv(\"iris.csv\") #iris data\n",
    "df_iris"
   ]
  },
  {
   "cell_type": "code",
   "execution_count": 3,
   "metadata": {},
   "outputs": [
    {
     "name": "stdout",
     "output_type": "stream",
     "text": [
      "['Setosa' 'Versicolor' 'Virginica']\n"
     ]
    },
    {
     "data": {
      "text/plain": [
       "3"
      ]
     },
     "execution_count": 3,
     "metadata": {},
     "output_type": "execute_result"
    }
   ],
   "source": [
    "flower_types = df_iris.variety.unique()\n",
    "print(flower_types)\n",
    "len(flower_types)"
   ]
  },
  {
   "cell_type": "code",
   "execution_count": 4,
   "metadata": {},
   "outputs": [
    {
     "data": {
      "text/html": [
       "<div>\n",
       "<style scoped>\n",
       "    .dataframe tbody tr th:only-of-type {\n",
       "        vertical-align: middle;\n",
       "    }\n",
       "\n",
       "    .dataframe tbody tr th {\n",
       "        vertical-align: top;\n",
       "    }\n",
       "\n",
       "    .dataframe thead th {\n",
       "        text-align: right;\n",
       "    }\n",
       "</style>\n",
       "<table border=\"1\" class=\"dataframe\">\n",
       "  <thead>\n",
       "    <tr style=\"text-align: right;\">\n",
       "      <th></th>\n",
       "      <th>sepal.length</th>\n",
       "      <th>sepal.width</th>\n",
       "      <th>petal.length</th>\n",
       "      <th>petal.width</th>\n",
       "    </tr>\n",
       "  </thead>\n",
       "  <tbody>\n",
       "    <tr>\n",
       "      <th>0</th>\n",
       "      <td>5.1</td>\n",
       "      <td>3.5</td>\n",
       "      <td>1.4</td>\n",
       "      <td>0.2</td>\n",
       "    </tr>\n",
       "    <tr>\n",
       "      <th>1</th>\n",
       "      <td>4.9</td>\n",
       "      <td>3.0</td>\n",
       "      <td>1.4</td>\n",
       "      <td>0.2</td>\n",
       "    </tr>\n",
       "    <tr>\n",
       "      <th>2</th>\n",
       "      <td>4.7</td>\n",
       "      <td>3.2</td>\n",
       "      <td>1.3</td>\n",
       "      <td>0.2</td>\n",
       "    </tr>\n",
       "    <tr>\n",
       "      <th>3</th>\n",
       "      <td>4.6</td>\n",
       "      <td>3.1</td>\n",
       "      <td>1.5</td>\n",
       "      <td>0.2</td>\n",
       "    </tr>\n",
       "    <tr>\n",
       "      <th>4</th>\n",
       "      <td>5.0</td>\n",
       "      <td>3.6</td>\n",
       "      <td>1.4</td>\n",
       "      <td>0.2</td>\n",
       "    </tr>\n",
       "    <tr>\n",
       "      <th>...</th>\n",
       "      <td>...</td>\n",
       "      <td>...</td>\n",
       "      <td>...</td>\n",
       "      <td>...</td>\n",
       "    </tr>\n",
       "    <tr>\n",
       "      <th>145</th>\n",
       "      <td>6.7</td>\n",
       "      <td>3.0</td>\n",
       "      <td>5.2</td>\n",
       "      <td>2.3</td>\n",
       "    </tr>\n",
       "    <tr>\n",
       "      <th>146</th>\n",
       "      <td>6.3</td>\n",
       "      <td>2.5</td>\n",
       "      <td>5.0</td>\n",
       "      <td>1.9</td>\n",
       "    </tr>\n",
       "    <tr>\n",
       "      <th>147</th>\n",
       "      <td>6.5</td>\n",
       "      <td>3.0</td>\n",
       "      <td>5.2</td>\n",
       "      <td>2.0</td>\n",
       "    </tr>\n",
       "    <tr>\n",
       "      <th>148</th>\n",
       "      <td>6.2</td>\n",
       "      <td>3.4</td>\n",
       "      <td>5.4</td>\n",
       "      <td>2.3</td>\n",
       "    </tr>\n",
       "    <tr>\n",
       "      <th>149</th>\n",
       "      <td>5.9</td>\n",
       "      <td>3.0</td>\n",
       "      <td>5.1</td>\n",
       "      <td>1.8</td>\n",
       "    </tr>\n",
       "  </tbody>\n",
       "</table>\n",
       "<p>150 rows × 4 columns</p>\n",
       "</div>"
      ],
      "text/plain": [
       "     sepal.length  sepal.width  petal.length  petal.width\n",
       "0             5.1          3.5           1.4          0.2\n",
       "1             4.9          3.0           1.4          0.2\n",
       "2             4.7          3.2           1.3          0.2\n",
       "3             4.6          3.1           1.5          0.2\n",
       "4             5.0          3.6           1.4          0.2\n",
       "..            ...          ...           ...          ...\n",
       "145           6.7          3.0           5.2          2.3\n",
       "146           6.3          2.5           5.0          1.9\n",
       "147           6.5          3.0           5.2          2.0\n",
       "148           6.2          3.4           5.4          2.3\n",
       "149           5.9          3.0           5.1          1.8\n",
       "\n",
       "[150 rows x 4 columns]"
      ]
     },
     "execution_count": 4,
     "metadata": {},
     "output_type": "execute_result"
    }
   ],
   "source": [
    "features = df_iris.columns[:4]\n",
    "class_labels = list(df_iris[df_iris.columns[-1]])\n",
    "df = df_iris[features]\n",
    "df"
   ]
  },
  {
   "cell_type": "markdown",
   "metadata": {},
   "source": [
    "# Initializing a clustering membership for every row in the dataframe"
   ]
  },
  {
   "cell_type": "code",
   "execution_count": 5,
   "metadata": {},
   "outputs": [
    {
     "data": {
      "text/plain": [
       "array([[5.1, 3.5, 1.4, 0.2],\n",
       "       [4.9, 3. , 1.4, 0.2],\n",
       "       [4.7, 3.2, 1.3, 0.2],\n",
       "       [4.6, 3.1, 1.5, 0.2],\n",
       "       [5. , 3.6, 1.4, 0.2],\n",
       "       [5.4, 3.9, 1.7, 0.4],\n",
       "       [4.6, 3.4, 1.4, 0.3],\n",
       "       [5. , 3.4, 1.5, 0.2],\n",
       "       [4.4, 2.9, 1.4, 0.2],\n",
       "       [4.9, 3.1, 1.5, 0.1],\n",
       "       [5.4, 3.7, 1.5, 0.2],\n",
       "       [4.8, 3.4, 1.6, 0.2],\n",
       "       [4.8, 3. , 1.4, 0.1],\n",
       "       [4.3, 3. , 1.1, 0.1],\n",
       "       [5.8, 4. , 1.2, 0.2],\n",
       "       [5.7, 4.4, 1.5, 0.4],\n",
       "       [5.4, 3.9, 1.3, 0.4],\n",
       "       [5.1, 3.5, 1.4, 0.3],\n",
       "       [5.7, 3.8, 1.7, 0.3],\n",
       "       [5.1, 3.8, 1.5, 0.3],\n",
       "       [5.4, 3.4, 1.7, 0.2],\n",
       "       [5.1, 3.7, 1.5, 0.4],\n",
       "       [4.6, 3.6, 1. , 0.2],\n",
       "       [5.1, 3.3, 1.7, 0.5],\n",
       "       [4.8, 3.4, 1.9, 0.2],\n",
       "       [5. , 3. , 1.6, 0.2],\n",
       "       [5. , 3.4, 1.6, 0.4],\n",
       "       [5.2, 3.5, 1.5, 0.2],\n",
       "       [5.2, 3.4, 1.4, 0.2],\n",
       "       [4.7, 3.2, 1.6, 0.2],\n",
       "       [4.8, 3.1, 1.6, 0.2],\n",
       "       [5.4, 3.4, 1.5, 0.4],\n",
       "       [5.2, 4.1, 1.5, 0.1],\n",
       "       [5.5, 4.2, 1.4, 0.2],\n",
       "       [4.9, 3.1, 1.5, 0.2],\n",
       "       [5. , 3.2, 1.2, 0.2],\n",
       "       [5.5, 3.5, 1.3, 0.2],\n",
       "       [4.9, 3.6, 1.4, 0.1],\n",
       "       [4.4, 3. , 1.3, 0.2],\n",
       "       [5.1, 3.4, 1.5, 0.2],\n",
       "       [5. , 3.5, 1.3, 0.3],\n",
       "       [4.5, 2.3, 1.3, 0.3],\n",
       "       [4.4, 3.2, 1.3, 0.2],\n",
       "       [5. , 3.5, 1.6, 0.6],\n",
       "       [5.1, 3.8, 1.9, 0.4],\n",
       "       [4.8, 3. , 1.4, 0.3],\n",
       "       [5.1, 3.8, 1.6, 0.2],\n",
       "       [4.6, 3.2, 1.4, 0.2],\n",
       "       [5.3, 3.7, 1.5, 0.2],\n",
       "       [5. , 3.3, 1.4, 0.2],\n",
       "       [7. , 3.2, 4.7, 1.4],\n",
       "       [6.4, 3.2, 4.5, 1.5],\n",
       "       [6.9, 3.1, 4.9, 1.5],\n",
       "       [5.5, 2.3, 4. , 1.3],\n",
       "       [6.5, 2.8, 4.6, 1.5],\n",
       "       [5.7, 2.8, 4.5, 1.3],\n",
       "       [6.3, 3.3, 4.7, 1.6],\n",
       "       [4.9, 2.4, 3.3, 1. ],\n",
       "       [6.6, 2.9, 4.6, 1.3],\n",
       "       [5.2, 2.7, 3.9, 1.4],\n",
       "       [5. , 2. , 3.5, 1. ],\n",
       "       [5.9, 3. , 4.2, 1.5],\n",
       "       [6. , 2.2, 4. , 1. ],\n",
       "       [6.1, 2.9, 4.7, 1.4],\n",
       "       [5.6, 2.9, 3.6, 1.3],\n",
       "       [6.7, 3.1, 4.4, 1.4],\n",
       "       [5.6, 3. , 4.5, 1.5],\n",
       "       [5.8, 2.7, 4.1, 1. ],\n",
       "       [6.2, 2.2, 4.5, 1.5],\n",
       "       [5.6, 2.5, 3.9, 1.1],\n",
       "       [5.9, 3.2, 4.8, 1.8],\n",
       "       [6.1, 2.8, 4. , 1.3],\n",
       "       [6.3, 2.5, 4.9, 1.5],\n",
       "       [6.1, 2.8, 4.7, 1.2],\n",
       "       [6.4, 2.9, 4.3, 1.3],\n",
       "       [6.6, 3. , 4.4, 1.4],\n",
       "       [6.8, 2.8, 4.8, 1.4],\n",
       "       [6.7, 3. , 5. , 1.7],\n",
       "       [6. , 2.9, 4.5, 1.5],\n",
       "       [5.7, 2.6, 3.5, 1. ],\n",
       "       [5.5, 2.4, 3.8, 1.1],\n",
       "       [5.5, 2.4, 3.7, 1. ],\n",
       "       [5.8, 2.7, 3.9, 1.2],\n",
       "       [6. , 2.7, 5.1, 1.6],\n",
       "       [5.4, 3. , 4.5, 1.5],\n",
       "       [6. , 3.4, 4.5, 1.6],\n",
       "       [6.7, 3.1, 4.7, 1.5],\n",
       "       [6.3, 2.3, 4.4, 1.3],\n",
       "       [5.6, 3. , 4.1, 1.3],\n",
       "       [5.5, 2.5, 4. , 1.3],\n",
       "       [5.5, 2.6, 4.4, 1.2],\n",
       "       [6.1, 3. , 4.6, 1.4],\n",
       "       [5.8, 2.6, 4. , 1.2],\n",
       "       [5. , 2.3, 3.3, 1. ],\n",
       "       [5.6, 2.7, 4.2, 1.3],\n",
       "       [5.7, 3. , 4.2, 1.2],\n",
       "       [5.7, 2.9, 4.2, 1.3],\n",
       "       [6.2, 2.9, 4.3, 1.3],\n",
       "       [5.1, 2.5, 3. , 1.1],\n",
       "       [5.7, 2.8, 4.1, 1.3],\n",
       "       [6.3, 3.3, 6. , 2.5],\n",
       "       [5.8, 2.7, 5.1, 1.9],\n",
       "       [7.1, 3. , 5.9, 2.1],\n",
       "       [6.3, 2.9, 5.6, 1.8],\n",
       "       [6.5, 3. , 5.8, 2.2],\n",
       "       [7.6, 3. , 6.6, 2.1],\n",
       "       [4.9, 2.5, 4.5, 1.7],\n",
       "       [7.3, 2.9, 6.3, 1.8],\n",
       "       [6.7, 2.5, 5.8, 1.8],\n",
       "       [7.2, 3.6, 6.1, 2.5],\n",
       "       [6.5, 3.2, 5.1, 2. ],\n",
       "       [6.4, 2.7, 5.3, 1.9],\n",
       "       [6.8, 3. , 5.5, 2.1],\n",
       "       [5.7, 2.5, 5. , 2. ],\n",
       "       [5.8, 2.8, 5.1, 2.4],\n",
       "       [6.4, 3.2, 5.3, 2.3],\n",
       "       [6.5, 3. , 5.5, 1.8],\n",
       "       [7.7, 3.8, 6.7, 2.2],\n",
       "       [7.7, 2.6, 6.9, 2.3],\n",
       "       [6. , 2.2, 5. , 1.5],\n",
       "       [6.9, 3.2, 5.7, 2.3],\n",
       "       [5.6, 2.8, 4.9, 2. ],\n",
       "       [7.7, 2.8, 6.7, 2. ],\n",
       "       [6.3, 2.7, 4.9, 1.8],\n",
       "       [6.7, 3.3, 5.7, 2.1],\n",
       "       [7.2, 3.2, 6. , 1.8],\n",
       "       [6.2, 2.8, 4.8, 1.8],\n",
       "       [6.1, 3. , 4.9, 1.8],\n",
       "       [6.4, 2.8, 5.6, 2.1],\n",
       "       [7.2, 3. , 5.8, 1.6],\n",
       "       [7.4, 2.8, 6.1, 1.9],\n",
       "       [7.9, 3.8, 6.4, 2. ],\n",
       "       [6.4, 2.8, 5.6, 2.2],\n",
       "       [6.3, 2.8, 5.1, 1.5],\n",
       "       [6.1, 2.6, 5.6, 1.4],\n",
       "       [7.7, 3. , 6.1, 2.3],\n",
       "       [6.3, 3.4, 5.6, 2.4],\n",
       "       [6.4, 3.1, 5.5, 1.8],\n",
       "       [6. , 3. , 4.8, 1.8],\n",
       "       [6.9, 3.1, 5.4, 2.1],\n",
       "       [6.7, 3.1, 5.6, 2.4],\n",
       "       [6.9, 3.1, 5.1, 2.3],\n",
       "       [5.8, 2.7, 5.1, 1.9],\n",
       "       [6.8, 3.2, 5.9, 2.3],\n",
       "       [6.7, 3.3, 5.7, 2.5],\n",
       "       [6.7, 3. , 5.2, 2.3],\n",
       "       [6.3, 2.5, 5. , 1.9],\n",
       "       [6.5, 3. , 5.2, 2. ],\n",
       "       [6.2, 3.4, 5.4, 2.3],\n",
       "       [5.9, 3. , 5.1, 1.8]])"
      ]
     },
     "execution_count": 5,
     "metadata": {},
     "output_type": "execute_result"
    }
   ],
   "source": [
    "data_points = df.to_numpy()\n",
    "data_points"
   ]
  },
  {
   "cell_type": "code",
   "execution_count": 6,
   "metadata": {},
   "outputs": [
    {
     "data": {
      "text/plain": [
       "array([[0.56422331, 0.28056465, 0.15521205],\n",
       "       [0.13927463, 0.70082467, 0.1599007 ],\n",
       "       [0.0652058 , 0.8865043 , 0.0482899 ],\n",
       "       [0.05303747, 0.04312038, 0.90384215],\n",
       "       [0.01041759, 0.93914142, 0.050441  ],\n",
       "       [0.20093665, 0.70391578, 0.09514757],\n",
       "       [0.01362688, 0.53383751, 0.45253562],\n",
       "       [0.77375263, 0.03515808, 0.19108929],\n",
       "       [0.13703847, 0.76253739, 0.10042414],\n",
       "       [0.82165188, 0.05272083, 0.12562728],\n",
       "       [0.31864968, 0.06648585, 0.61486447],\n",
       "       [0.51860469, 0.32134112, 0.16005419],\n",
       "       [0.2420509 , 0.68201822, 0.07593088],\n",
       "       [0.36820908, 0.39941411, 0.23237682],\n",
       "       [0.07772821, 0.3134564 , 0.60881539],\n",
       "       [0.79927696, 0.14235287, 0.05837018],\n",
       "       [0.62129997, 0.25482206, 0.12387797],\n",
       "       [0.60653146, 0.08413737, 0.30933117],\n",
       "       [0.21581053, 0.25191989, 0.53226958],\n",
       "       [0.37480615, 0.29326031, 0.33193354],\n",
       "       [0.27411642, 0.52568129, 0.20020229],\n",
       "       [0.15678764, 0.06489849, 0.77831387],\n",
       "       [0.16843102, 0.4452357 , 0.38633328],\n",
       "       [0.05353044, 0.05486558, 0.89160398],\n",
       "       [0.00725725, 0.87802119, 0.11472156],\n",
       "       [0.41601463, 0.44192067, 0.1420647 ],\n",
       "       [0.4740869 , 0.31867206, 0.20724104],\n",
       "       [0.41181742, 0.38395242, 0.20423016],\n",
       "       [0.29789116, 0.05720507, 0.64490378],\n",
       "       [0.29765258, 0.12220732, 0.58014009],\n",
       "       [0.07036821, 0.15475525, 0.77487653],\n",
       "       [0.00545619, 0.05574039, 0.93880342],\n",
       "       [0.20890227, 0.28162207, 0.50947566],\n",
       "       [0.09179034, 0.47220982, 0.43599984],\n",
       "       [0.44141812, 0.2684694 , 0.29011249],\n",
       "       [0.52163117, 0.3321384 , 0.14623042],\n",
       "       [0.70934394, 0.2483143 , 0.04234176],\n",
       "       [0.3665617 , 0.52720939, 0.1062289 ],\n",
       "       [0.11510376, 0.0611283 , 0.82376794],\n",
       "       [0.34556717, 0.03413443, 0.6202984 ],\n",
       "       [0.56305614, 0.30526256, 0.13168129],\n",
       "       [0.55470089, 0.38046379, 0.06483532],\n",
       "       [0.059153  , 0.47352133, 0.46732567],\n",
       "       [0.15554398, 0.41263518, 0.43182084],\n",
       "       [0.37055103, 0.12571679, 0.50373218],\n",
       "       [0.10032084, 0.2145012 , 0.68517796],\n",
       "       [0.44174824, 0.11884303, 0.43940873],\n",
       "       [0.02969383, 0.0133432 , 0.95696298],\n",
       "       [0.27645339, 0.03002729, 0.69351933],\n",
       "       [0.12859216, 0.60907028, 0.26233756],\n",
       "       [0.49202932, 0.3995784 , 0.10839228],\n",
       "       [0.33997138, 0.3453656 , 0.31466302],\n",
       "       [0.07436729, 0.36121964, 0.56441307],\n",
       "       [0.44692839, 0.19557819, 0.35749342],\n",
       "       [0.1782801 , 0.25371628, 0.56800362],\n",
       "       [0.07931128, 0.17380672, 0.746882  ],\n",
       "       [0.54055047, 0.31577253, 0.143677  ],\n",
       "       [0.51838495, 0.47544631, 0.00616874],\n",
       "       [0.28745381, 0.2567987 , 0.45574749],\n",
       "       [0.20417264, 0.36704839, 0.42877897],\n",
       "       [0.48229783, 0.02138493, 0.49631725],\n",
       "       [0.17129105, 0.28578041, 0.54292854],\n",
       "       [0.11287272, 0.51864429, 0.36848299],\n",
       "       [0.4735269 , 0.29575707, 0.23071604],\n",
       "       [0.15093531, 0.09762479, 0.7514399 ],\n",
       "       [0.26518189, 0.27841069, 0.45640742],\n",
       "       [0.00780486, 0.89553516, 0.09665998],\n",
       "       [0.44040284, 0.3241561 , 0.23544106],\n",
       "       [0.18767615, 0.68034281, 0.13198105],\n",
       "       [0.19577455, 0.13579727, 0.66842818],\n",
       "       [0.45963553, 0.06545339, 0.47491108],\n",
       "       [0.65115776, 0.02090741, 0.32793484],\n",
       "       [0.53094552, 0.12894086, 0.34011362],\n",
       "       [0.55013002, 0.02934593, 0.42052405],\n",
       "       [0.26935025, 0.52793115, 0.2027186 ],\n",
       "       [0.02281157, 0.61039024, 0.36679819],\n",
       "       [0.08487915, 0.50950075, 0.4056201 ],\n",
       "       [0.28482168, 0.6747482 , 0.04043012],\n",
       "       [0.16478741, 0.70814489, 0.1270677 ],\n",
       "       [0.20894234, 0.68240266, 0.108655  ],\n",
       "       [0.61424778, 0.29269687, 0.09305535],\n",
       "       [0.10444223, 0.34003615, 0.55552162],\n",
       "       [0.41742614, 0.04463354, 0.53794032],\n",
       "       [0.62763109, 0.29079214, 0.08157677],\n",
       "       [0.0497968 , 0.43782889, 0.5123743 ],\n",
       "       [0.48742836, 0.31701411, 0.19555754],\n",
       "       [0.55131246, 0.41739487, 0.03129268],\n",
       "       [0.5467941 , 0.26917208, 0.18403381],\n",
       "       [0.21250121, 0.13148561, 0.65601318],\n",
       "       [0.26140202, 0.38361718, 0.3549808 ],\n",
       "       [0.44335352, 0.43988812, 0.11675836],\n",
       "       [0.90677129, 0.06755316, 0.02567555],\n",
       "       [0.19821519, 0.25383189, 0.54795292],\n",
       "       [0.6937751 , 0.17747329, 0.12875161],\n",
       "       [0.44293758, 0.49778695, 0.05927546],\n",
       "       [0.56915308, 0.07143976, 0.35940716],\n",
       "       [0.10349013, 0.67654439, 0.21996549],\n",
       "       [0.28519347, 0.49334211, 0.22146442],\n",
       "       [0.55690278, 0.09179907, 0.35129815],\n",
       "       [0.19473346, 0.00645305, 0.79881348],\n",
       "       [0.18995982, 0.06910581, 0.74093437],\n",
       "       [0.47753651, 0.43820143, 0.08426206],\n",
       "       [0.35971284, 0.09281596, 0.54747119],\n",
       "       [0.48172958, 0.42308566, 0.09518475],\n",
       "       [0.59283498, 0.31269218, 0.09447284],\n",
       "       [0.5158813 , 0.15778779, 0.32633091],\n",
       "       [0.12018743, 0.02417709, 0.85563548],\n",
       "       [0.06458695, 0.26610778, 0.66930528],\n",
       "       [0.54144601, 0.38425118, 0.07430281],\n",
       "       [0.92953915, 0.00973689, 0.06072396],\n",
       "       [0.32604403, 0.19519443, 0.47876154],\n",
       "       [0.37164169, 0.32685153, 0.30150678],\n",
       "       [0.64598945, 0.09881214, 0.25519842],\n",
       "       [0.35301881, 0.58340858, 0.06357261],\n",
       "       [0.63578218, 0.35689287, 0.00732495],\n",
       "       [0.54297815, 0.29965334, 0.15736851],\n",
       "       [0.09188463, 0.510146  , 0.39796937],\n",
       "       [0.17774421, 0.08836558, 0.73389021],\n",
       "       [0.68287408, 0.21589345, 0.10123246],\n",
       "       [0.72195551, 0.22459453, 0.05344996],\n",
       "       [0.49210086, 0.17344056, 0.33445858],\n",
       "       [0.61281737, 0.16239509, 0.22478754],\n",
       "       [0.14785332, 0.4605345 , 0.39161218],\n",
       "       [0.42537475, 0.45057663, 0.12404862],\n",
       "       [0.21626136, 0.05429087, 0.72944776],\n",
       "       [0.14478102, 0.15056052, 0.70465846],\n",
       "       [0.038163  , 0.74844259, 0.2133944 ],\n",
       "       [0.21855527, 0.30964697, 0.47179776],\n",
       "       [0.10073529, 0.74680318, 0.15246154],\n",
       "       [0.3592513 , 0.61587707, 0.02487163],\n",
       "       [0.33024123, 0.27494681, 0.39481195],\n",
       "       [0.2235933 , 0.0970744 , 0.6793323 ],\n",
       "       [0.33094086, 0.47653739, 0.19252175],\n",
       "       [0.00215093, 0.19013971, 0.80770936],\n",
       "       [0.39291828, 0.48597796, 0.12110376],\n",
       "       [0.61652507, 0.16958345, 0.21389148],\n",
       "       [0.62918013, 0.02917174, 0.34164813],\n",
       "       [0.01276938, 0.59437802, 0.39285261],\n",
       "       [0.13703598, 0.84670004, 0.01626398],\n",
       "       [0.11190381, 0.56113208, 0.3269641 ],\n",
       "       [0.69973648, 0.02865257, 0.27161095],\n",
       "       [0.56832766, 0.08148488, 0.35018746],\n",
       "       [0.03741969, 0.75061698, 0.21196333],\n",
       "       [0.12358654, 0.30361246, 0.572801  ],\n",
       "       [0.10660126, 0.60740616, 0.28599258],\n",
       "       [0.02500128, 0.84488635, 0.13011237],\n",
       "       [0.11615828, 0.71405749, 0.16978423],\n",
       "       [0.81459092, 0.15117595, 0.03423313],\n",
       "       [0.24443718, 0.16835185, 0.58721098],\n",
       "       [0.88253852, 0.04628534, 0.07117614]])"
      ]
     },
     "execution_count": 6,
     "metadata": {},
     "output_type": "execute_result"
    }
   ],
   "source": [
    "K = 3 # Since we have 3 types \n",
    "q = 1.5 # Since 1 would make it a K-means clustering\n",
    "Rnk = np.random.dirichlet(np.ones(K),size=150)\n",
    "Rnk"
   ]
  },
  {
   "cell_type": "markdown",
   "metadata": {},
   "source": [
    "# Cluster Data"
   ]
  },
  {
   "cell_type": "code",
   "execution_count": 7,
   "metadata": {},
   "outputs": [],
   "source": [
    "def clusterCenterCalculation(Rnk):\n",
    "    Rnk_value = list(zip(*Rnk)) # Flatten the arrays of membership to one big li (t1,t2,t3) where t1 t2 t3 each reperesent the Rnk value of each row in the dataframe\n",
    "    cluster_centers = []\n",
    "    for j in range(K):\n",
    "        Rnk_value_list = list(Rnk_value[j]) # Taking each array of memberships\n",
    "        rnk_q = [cur_rnk ** q for cur_rnk in Rnk_value_list]\n",
    "        den = sum(rnk_q)\n",
    "        curr_num = []\n",
    "        for i in range(len(df)):\n",
    "            data_point = list(df.iloc[i])\n",
    "            prod = [rnk_q[i] * val for val in data_point]\n",
    "            curr_num.append(prod)\n",
    "        num_list = list(zip(*curr_num))\n",
    "        num = map(sum, num_list) # Summing all product values \n",
    "        center = [curr_num/den for curr_num in num]\n",
    "        cluster_centers.append(center)\n",
    "    return np.array(cluster_centers)"
   ]
  },
  {
   "cell_type": "code",
   "execution_count": 8,
   "metadata": {},
   "outputs": [],
   "source": [
    "import operator\n",
    "import math\n",
    "def updateRnk(Rnk, Uk):\n",
    "    data = []\n",
    "    new_q = float(1/(q-1))\n",
    "    for i in range(len(df)):\n",
    "        current_datapoint = list(df.iloc[i])\n",
    "        data.append(current_datapoint)\n",
    "        distances = [np.linalg.norm(np.array(list(map(operator.sub, current_datapoint, Uk[j])))) for j in range(K)]\n",
    "        distances = np.array(distances)\n",
    "        checkNaN = np.argwhere(np.isnan(distances))\n",
    "        if(len(checkNaN)!= 0):\n",
    "            index = checkNaN[0][0]\n",
    "            distances[index] = 1\n",
    "        for j in range(K):\n",
    "            den = sum([math.pow(float(np.square(distances[j])/np.square(distances[m])), new_q) for m in range(K)])\n",
    "            if(math.isnan(den)):\n",
    "#                 print('nan detected',den)\n",
    "                den = 1\n",
    "            if(den == 0):\n",
    "#                 print('zero detected causing inf',den)\n",
    "                den = 0.000000000000000000001\n",
    "            if(math.isinf(den)):\n",
    "#                 print('Inf Detected',den)\n",
    "                den = 999999999999999\n",
    "            Rnk[i][j] = float(1/den) \n",
    "#             print(Rnk[i][j],float(1/den),'Seeeeeee')\n",
    "    return Rnk , data"
   ]
  },
  {
   "cell_type": "code",
   "execution_count": 9,
   "metadata": {},
   "outputs": [],
   "source": [
    "def getClusters(Rnk):\n",
    "    labels = []\n",
    "    for i in range(len(df)):\n",
    "        max_val, index = max((val, index) for (index, val) in enumerate(Rnk[i]))\n",
    "        labels.append(index)\n",
    "    return labels"
   ]
  },
  {
   "cell_type": "code",
   "execution_count": 10,
   "metadata": {},
   "outputs": [],
   "source": [
    "def checkConvergence(Rnk_old,Rnk):\n",
    "    for i in range(150):\n",
    "        curr_rnk_old = Rnk_old[i]\n",
    "        curr_rnk = Rnk[i]\n",
    "        for j in range(3):\n",
    "            if np.round(curr_rnk_old[j],10) != np.round(curr_rnk[j],10):\n",
    "                print(abs(curr_rnk_old[j]-curr_rnk[j]))\n",
    "                return False\n",
    "            print(abs(curr_rnk_old[j]-curr_rnk[j]))\n",
    "            \n",
    "    return True"
   ]
  },
  {
   "cell_type": "code",
   "execution_count": 11,
   "metadata": {},
   "outputs": [],
   "source": [
    "def fuzzyCMeans(): \n",
    "    rtol = 1e-03\n",
    "    atol = 1e-09\n",
    "    Rnk = np.random.dirichlet(np.ones(K),size=150) \n",
    "    # Initializing Random Centers From Dataset\n",
    "    random_indicies= np.random.choice(150, size=K, replace=False)\n",
    "    cluster_centers = np.array(data_points[random_indicies, :])\n",
    "    Uk = cluster_centers\n",
    "    Rnk_old = np.array(Rnk)\n",
    "    for i in range(1000):\n",
    "        Rnk , data= updateRnk(np.array(Rnk_old), Uk)\n",
    "        check_convergence = np.allclose(Rnk_old,Rnk,rtol, atol)\n",
    "#         check_convergence = checkConvergence(Rnk_old,Rnk)\n",
    "        if check_convergence:\n",
    "            Uk = clusterCenterCalculation(Rnk)\n",
    "            labels = getClusters(Rnk)\n",
    "            print('Converged at',i)\n",
    "            break\n",
    "        Rnk_old = np.array(Rnk)\n",
    "        Uk = clusterCenterCalculation(Rnk)\n",
    "        labels = getClusters(Rnk)\n",
    "    return labels, Uk,data"
   ]
  },
  {
   "cell_type": "code",
   "execution_count": 12,
   "metadata": {},
   "outputs": [
    {
     "name": "stderr",
     "output_type": "stream",
     "text": [
      "/home/mado/.local/lib/python3.6/site-packages/ipykernel_launcher.py:16: RuntimeWarning: divide by zero encountered in double_scalars\n",
      "  app.launch_new_instance()\n",
      "/home/mado/.local/lib/python3.6/site-packages/ipykernel_launcher.py:16: RuntimeWarning: invalid value encountered in double_scalars\n",
      "  app.launch_new_instance()\n"
     ]
    },
    {
     "name": "stdout",
     "output_type": "stream",
     "text": [
      "Converged at 17\n"
     ]
    }
   ],
   "source": [
    "labels, centers ,data = fuzzyCMeans()\n",
    "label = np.array(labels)"
   ]
  },
  {
   "cell_type": "code",
   "execution_count": 13,
   "metadata": {},
   "outputs": [
    {
     "data": {
      "text/plain": [
       "array([[5.1, 3.5, 1.4, 0.2],\n",
       "       [4.9, 3. , 1.4, 0.2],\n",
       "       [4.7, 3.2, 1.3, 0.2],\n",
       "       [4.6, 3.1, 1.5, 0.2],\n",
       "       [5. , 3.6, 1.4, 0.2],\n",
       "       [5.4, 3.9, 1.7, 0.4],\n",
       "       [4.6, 3.4, 1.4, 0.3],\n",
       "       [5. , 3.4, 1.5, 0.2],\n",
       "       [4.4, 2.9, 1.4, 0.2],\n",
       "       [4.9, 3.1, 1.5, 0.1],\n",
       "       [5.4, 3.7, 1.5, 0.2],\n",
       "       [4.8, 3.4, 1.6, 0.2],\n",
       "       [4.8, 3. , 1.4, 0.1],\n",
       "       [4.3, 3. , 1.1, 0.1],\n",
       "       [5.8, 4. , 1.2, 0.2],\n",
       "       [5.7, 4.4, 1.5, 0.4],\n",
       "       [5.4, 3.9, 1.3, 0.4],\n",
       "       [5.1, 3.5, 1.4, 0.3],\n",
       "       [5.7, 3.8, 1.7, 0.3],\n",
       "       [5.1, 3.8, 1.5, 0.3],\n",
       "       [5.4, 3.4, 1.7, 0.2],\n",
       "       [5.1, 3.7, 1.5, 0.4],\n",
       "       [4.6, 3.6, 1. , 0.2],\n",
       "       [5.1, 3.3, 1.7, 0.5],\n",
       "       [4.8, 3.4, 1.9, 0.2],\n",
       "       [5. , 3. , 1.6, 0.2],\n",
       "       [5. , 3.4, 1.6, 0.4],\n",
       "       [5.2, 3.5, 1.5, 0.2],\n",
       "       [5.2, 3.4, 1.4, 0.2],\n",
       "       [4.7, 3.2, 1.6, 0.2],\n",
       "       [4.8, 3.1, 1.6, 0.2],\n",
       "       [5.4, 3.4, 1.5, 0.4],\n",
       "       [5.2, 4.1, 1.5, 0.1],\n",
       "       [5.5, 4.2, 1.4, 0.2],\n",
       "       [4.9, 3.1, 1.5, 0.2],\n",
       "       [5. , 3.2, 1.2, 0.2],\n",
       "       [5.5, 3.5, 1.3, 0.2],\n",
       "       [4.9, 3.6, 1.4, 0.1],\n",
       "       [4.4, 3. , 1.3, 0.2],\n",
       "       [5.1, 3.4, 1.5, 0.2],\n",
       "       [5. , 3.5, 1.3, 0.3],\n",
       "       [4.5, 2.3, 1.3, 0.3],\n",
       "       [4.4, 3.2, 1.3, 0.2],\n",
       "       [5. , 3.5, 1.6, 0.6],\n",
       "       [5.1, 3.8, 1.9, 0.4],\n",
       "       [4.8, 3. , 1.4, 0.3],\n",
       "       [5.1, 3.8, 1.6, 0.2],\n",
       "       [4.6, 3.2, 1.4, 0.2],\n",
       "       [5.3, 3.7, 1.5, 0.2],\n",
       "       [5. , 3.3, 1.4, 0.2],\n",
       "       [7. , 3.2, 4.7, 1.4],\n",
       "       [6.4, 3.2, 4.5, 1.5],\n",
       "       [6.9, 3.1, 4.9, 1.5],\n",
       "       [5.5, 2.3, 4. , 1.3],\n",
       "       [6.5, 2.8, 4.6, 1.5],\n",
       "       [5.7, 2.8, 4.5, 1.3],\n",
       "       [6.3, 3.3, 4.7, 1.6],\n",
       "       [4.9, 2.4, 3.3, 1. ],\n",
       "       [6.6, 2.9, 4.6, 1.3],\n",
       "       [5.2, 2.7, 3.9, 1.4],\n",
       "       [5. , 2. , 3.5, 1. ],\n",
       "       [5.9, 3. , 4.2, 1.5],\n",
       "       [6. , 2.2, 4. , 1. ],\n",
       "       [6.1, 2.9, 4.7, 1.4],\n",
       "       [5.6, 2.9, 3.6, 1.3],\n",
       "       [6.7, 3.1, 4.4, 1.4],\n",
       "       [5.6, 3. , 4.5, 1.5],\n",
       "       [5.8, 2.7, 4.1, 1. ],\n",
       "       [6.2, 2.2, 4.5, 1.5],\n",
       "       [5.6, 2.5, 3.9, 1.1],\n",
       "       [5.9, 3.2, 4.8, 1.8],\n",
       "       [6.1, 2.8, 4. , 1.3],\n",
       "       [6.3, 2.5, 4.9, 1.5],\n",
       "       [6.1, 2.8, 4.7, 1.2],\n",
       "       [6.4, 2.9, 4.3, 1.3],\n",
       "       [6.6, 3. , 4.4, 1.4],\n",
       "       [6.8, 2.8, 4.8, 1.4],\n",
       "       [6.7, 3. , 5. , 1.7],\n",
       "       [6. , 2.9, 4.5, 1.5],\n",
       "       [5.7, 2.6, 3.5, 1. ],\n",
       "       [5.5, 2.4, 3.8, 1.1],\n",
       "       [5.5, 2.4, 3.7, 1. ],\n",
       "       [5.8, 2.7, 3.9, 1.2],\n",
       "       [6. , 2.7, 5.1, 1.6],\n",
       "       [5.4, 3. , 4.5, 1.5],\n",
       "       [6. , 3.4, 4.5, 1.6],\n",
       "       [6.7, 3.1, 4.7, 1.5],\n",
       "       [6.3, 2.3, 4.4, 1.3],\n",
       "       [5.6, 3. , 4.1, 1.3],\n",
       "       [5.5, 2.5, 4. , 1.3],\n",
       "       [5.5, 2.6, 4.4, 1.2],\n",
       "       [6.1, 3. , 4.6, 1.4],\n",
       "       [5.8, 2.6, 4. , 1.2],\n",
       "       [5. , 2.3, 3.3, 1. ],\n",
       "       [5.6, 2.7, 4.2, 1.3],\n",
       "       [5.7, 3. , 4.2, 1.2],\n",
       "       [5.7, 2.9, 4.2, 1.3],\n",
       "       [6.2, 2.9, 4.3, 1.3],\n",
       "       [5.1, 2.5, 3. , 1.1],\n",
       "       [5.7, 2.8, 4.1, 1.3],\n",
       "       [6.3, 3.3, 6. , 2.5],\n",
       "       [5.8, 2.7, 5.1, 1.9],\n",
       "       [7.1, 3. , 5.9, 2.1],\n",
       "       [6.3, 2.9, 5.6, 1.8],\n",
       "       [6.5, 3. , 5.8, 2.2],\n",
       "       [7.6, 3. , 6.6, 2.1],\n",
       "       [4.9, 2.5, 4.5, 1.7],\n",
       "       [7.3, 2.9, 6.3, 1.8],\n",
       "       [6.7, 2.5, 5.8, 1.8],\n",
       "       [7.2, 3.6, 6.1, 2.5],\n",
       "       [6.5, 3.2, 5.1, 2. ],\n",
       "       [6.4, 2.7, 5.3, 1.9],\n",
       "       [6.8, 3. , 5.5, 2.1],\n",
       "       [5.7, 2.5, 5. , 2. ],\n",
       "       [5.8, 2.8, 5.1, 2.4],\n",
       "       [6.4, 3.2, 5.3, 2.3],\n",
       "       [6.5, 3. , 5.5, 1.8],\n",
       "       [7.7, 3.8, 6.7, 2.2],\n",
       "       [7.7, 2.6, 6.9, 2.3],\n",
       "       [6. , 2.2, 5. , 1.5],\n",
       "       [6.9, 3.2, 5.7, 2.3],\n",
       "       [5.6, 2.8, 4.9, 2. ],\n",
       "       [7.7, 2.8, 6.7, 2. ],\n",
       "       [6.3, 2.7, 4.9, 1.8],\n",
       "       [6.7, 3.3, 5.7, 2.1],\n",
       "       [7.2, 3.2, 6. , 1.8],\n",
       "       [6.2, 2.8, 4.8, 1.8],\n",
       "       [6.1, 3. , 4.9, 1.8],\n",
       "       [6.4, 2.8, 5.6, 2.1],\n",
       "       [7.2, 3. , 5.8, 1.6],\n",
       "       [7.4, 2.8, 6.1, 1.9],\n",
       "       [7.9, 3.8, 6.4, 2. ],\n",
       "       [6.4, 2.8, 5.6, 2.2],\n",
       "       [6.3, 2.8, 5.1, 1.5],\n",
       "       [6.1, 2.6, 5.6, 1.4],\n",
       "       [7.7, 3. , 6.1, 2.3],\n",
       "       [6.3, 3.4, 5.6, 2.4],\n",
       "       [6.4, 3.1, 5.5, 1.8],\n",
       "       [6. , 3. , 4.8, 1.8],\n",
       "       [6.9, 3.1, 5.4, 2.1],\n",
       "       [6.7, 3.1, 5.6, 2.4],\n",
       "       [6.9, 3.1, 5.1, 2.3],\n",
       "       [5.8, 2.7, 5.1, 1.9],\n",
       "       [6.8, 3.2, 5.9, 2.3],\n",
       "       [6.7, 3.3, 5.7, 2.5],\n",
       "       [6.7, 3. , 5.2, 2.3],\n",
       "       [6.3, 2.5, 5. , 1.9],\n",
       "       [6.5, 3. , 5.2, 2. ],\n",
       "       [6.2, 3.4, 5.4, 2.3],\n",
       "       [5.9, 3. , 5.1, 1.8]])"
      ]
     },
     "execution_count": 13,
     "metadata": {},
     "output_type": "execute_result"
    }
   ],
   "source": [
    "data = np.array(data)\n",
    "data"
   ]
  },
  {
   "cell_type": "code",
   "execution_count": 14,
   "metadata": {},
   "outputs": [
    {
     "data": {
      "text/plain": [
       "array([0, 2, 2, 2, 0, 0, 2, 0, 2, 2, 0, 2, 2, 2, 0, 0, 0, 0, 0, 0, 0, 0,\n",
       "       2, 0, 2, 2, 0, 0, 0, 2, 2, 0, 0, 0, 2, 2, 0, 0, 2, 0, 0, 2, 2, 0,\n",
       "       0, 2, 0, 2, 0, 2, 1, 1, 1, 1, 1, 1, 1, 2, 1, 1, 2, 1, 1, 1, 1, 1,\n",
       "       1, 1, 1, 1, 1, 1, 1, 1, 1, 1, 1, 1, 1, 1, 1, 1, 1, 1, 1, 1, 1, 1,\n",
       "       1, 1, 1, 1, 1, 2, 1, 1, 1, 1, 2, 1, 1, 1, 1, 1, 1, 1, 1, 1, 1, 1,\n",
       "       1, 1, 1, 1, 1, 1, 1, 1, 1, 1, 1, 1, 1, 1, 1, 1, 1, 1, 1, 1, 1, 1,\n",
       "       1, 1, 1, 1, 1, 1, 1, 1, 1, 1, 1, 1, 1, 1, 1, 1, 1, 1])"
      ]
     },
     "execution_count": 14,
     "metadata": {},
     "output_type": "execute_result"
    }
   ],
   "source": [
    "label"
   ]
  },
  {
   "cell_type": "code",
   "execution_count": 15,
   "metadata": {},
   "outputs": [
    {
     "data": {
      "text/plain": [
       "array([[5.23793363, 3.62264377, 1.56772348, 0.30590209],\n",
       "       [6.33277493, 2.9031368 , 5.00570266, 1.71939489],\n",
       "       [4.75206777, 3.05326172, 1.59364087, 0.27765027]])"
      ]
     },
     "execution_count": 15,
     "metadata": {},
     "output_type": "execute_result"
    }
   ],
   "source": [
    "centers"
   ]
  },
  {
   "cell_type": "code",
   "execution_count": 16,
   "metadata": {},
   "outputs": [
    {
     "name": "stderr",
     "output_type": "stream",
     "text": [
